r = 2 + sqrt(3);
A = [r 1 0 0 0
        1 4 1 0 0
        0 1 4 1 0
        0 0 1 4 1
        0 0 0 0 1];
B = [r/2 -0.5 0.5 0.5 0];
x = A \ B'
