% a = [
% 10 9 6
%     0.001 6 12
%     5 3 30
%     ];
% b = [
% 20
% 30
% 60
% ];

% a = [
% 5.999 11.999
% -1.5 27
%     ];
% b = [
% 29.998
% 50
% ];
%
% c = [a b]
% c(3, :) - c(1, :) * 0.5


A = [
0.001 6 12
10 9 6
    5 3 30
    ];
b = [
30
20
60
];
A * [-0.2 1.167 1.917]' - b
